4294967294,1092
4294967279,396
4294967278,205
4294967279,192
12,0
4294967278,186
4294967279,161
4294967278,251
13,17
13,0
4294967294,468
4294967278,396
4294967278,340
4294967278,434
4294967278,268
4294967279,249
4294967279,438
4294967279,385
4294967278,436
4294967278,240
4294967279,236
4294967279,327
4294967279,218
4294967279,210
4294967279,384
4294967278,210
4294967279,204
4294967278,204
4294967278,198
4294967278,390
4294967278,389
4294967278,388
4294967279,184
4294967278,184
4294967278,173
4294967278,169
4294967279,166
4294967278,166
4294967279,160
4294967279,247
4294967279,242
4294967278,385
4294967279,239
4294967279,237
11,70
7,4
4294967279,292
4294967278,156
4294967279,233
4294967278,137
4294967278,319
4294967279,231
4294967278,318
4294967279,229
4294967278,331
11,9
4294967278,247
4294967278,317
4294967279,220
4294967279,208
4294967279,227
4294967279,225
11,8
4294967279,223
4294967278,189
4294967278,386
4294967279,183
4294967279,221
4294967279,219
4294967278,165
4294967279,149
4294967279,217
4294967278,316
12,7
4294967279,215
4294967278,394
11,5
4294967278,315
4294967278,314
4294967278,225
7,5
4294967279,309
4294967278,313
4294967278,202
4294967279,199
9,10
4294967278,393
4294967279,383
3,6
4294967279,185
4294967278,185
4294967278,328
4294967279,314
4294967279,170
4294967278,170
14,5
4294967294,5
4294967278,159
4294967279,157
12,1
12,10
4294967279,141
4294967279,140
4294967278,174
4294967279,303
4294967278,312
4294967278,322
4294967279,340
4294967278,267
4294967278,311
4294967278,310
4294967279,381
4294967279,363
4294967278,309
4294967279,380
4294967279,290
4294967278,432
4294967279,377
4294967279,376
4294967279,328
4294967278,342
4294967279,315
4294967279,307
4294967278,242
4294967279,325
4294967279,324
4294967278,217
4294967279,306
4294967278,281
4294967278,326
4294967279,375
4294967278,178
4294967279,389
4294967279,354
4294967279,294
4294967278,308
4294967279,167
4294967279,304
4294967278,164
55,4
4294967278,161
4294967278,269
4294967278,158
5,5
14,2
4294967279,374
4294967278,307
4294967279,372
4294967278,60
4294967278,59
4294967278,58
4294967278,57
4294967278,56
4294967278,55
4294967278,50
4294967278,49
4294967278,48
4294967278,47
4294967278,46
4294967278,39
4294967278,38
4294967278,37
4294967278,36
4294967278,35
4294967278,34
4294967278,33
4294967278,32
4294967278,31
4294967278,30
4294967278,29
4294967278,28
4294967278,27
4294967278,26
4294967278,25
4294967278,24
4294967278,23
4294967278,22
4294967278,338
4294967278,21
4294967278,20
4294967278,19
4294967278,18
4294967278,17
4294967278,16
4294967278,15
4294967278,14
4294967278,13
4294967278,12
4294967278,11
4294967278,10
4294967278,9
4294967278,8
4294967278,7
4294967278,6
4294967278,5
4294967278,4
4294967279,132
4294967279,131
4294967279,130
4294967279,129
4294967279,128
4294967279,127
4294967279,126
4294967279,125
4294967279,124
4294967279,123
4294967279,122
4294967279,121
4294967279,120
4294967279,119
4294967279,118
4294967279,117
4294967279,116
4294967279,115
4294967279,114
4294967279,113
4294967279,112
4294967279,111
4294967279,110
4294967279,109
4294967279,371
4294967279,301
17,2
4294967279,269
4294967278,306
17,6
17,5
17,4
4294967294,471
14,9
14,8
16,4
16,5
4294967279,369
4294967279,338
4294967279,368
4294967279,364
4294967278,256
4294967279,253
4294967278,305
4294967278,304
4294967278,231
4294967279,108
4294967279,107
4294967279,106
4294967279,105
4294967279,104
4294967278,227
4294967279,302
4294967279,103
4294967279,102
4294967279,101
4294967279,100
4294967279,99
4294967279,98
4294967279,97
4294967279,96
4294967279,95
4294967279,94
4294967279,93
4294967279,92
4294967279,91
4294967279,90
4294967279,89
4294967279,87
4294967279,86
4294967279,298
4294967278,320
4294967279,361
4294967279,360
4294967278,223
4294967279,359
4294967279,85
4294967278,395
4294967279,84
4294967279,83
4294967278,431
4294967279,82
4294967279,297
4294967279,81
4294967279,80
4294967279,79
4294967279,78
4294967279,77
4294967278,429
4294967279,395
4294967279,296
4294967278,327
4294967279,175
4294967279,76
4294967279,75
4294967279,74
4294967279,73
4294967279,72
4294967279,71
4294967278,168
4294967278,167
47,7
48,4
4294967279,388
4294967279,146
4294967279,347
4294967278,435
4294967279,139
6,5
5,4
13,4
13,7
13,5
12,4
13,8
4294967279,135
4294967279,341
4294967279,336
4294967279,279
4294967278,301
4294967278,45
4294967279,436
4294967278,233
4294967279,355
14,7
14,11
4294967279,434
3,4
2,4
2,5
4294967278,433
13,11
3,5
14,4
14,6
12,8
12,5
12,6
13,10
13,6
4,5
6,4
6,6
4294967279,256
65,13
65,12
63,8
63,7
4294967279,275
4294967279,255
4294967278,303
4294967278,302
4294967279,337
4294967278,253
4294967279,335
4294967278,330
4294967278,362
4294967294,44
4294967294,43
4294967294,53
4294967294,51
4294967294,944
4294967294,916
4294967294,92
4294967294,90
4294967294,88
4294967294,86
4294967294,85
4294967294,83
4294967294,957
4294967294,415
4294967294,416
4294967294,453
4294967294,463
4294967294,184
4294967294,450
4294967294,473
4294967294,1098
4294967279,330
4294967278,236
66,8
4294967279,435
66,7
4294967294,81
4294967294,440
4294967294,905
4294967294,899
4294967294,961
66,6
66,5
66,4
66,3
66,2
66,1
4294967294,186
4294967279,207
4294967294,1096
4294967294,22
4294967279,203
4294967279,202
4294967294,17
4294967294,82
65,11
65,10
65,9
65,8
65,7
65,6
65,5
65,4
65,3
65,2
65,1
4294967279,431
4294967294,417
4294967294,480
64,5
64,4
64,3
64,2
64,1
63,6
63,5
63,4
63,3
63,2
63,1
4294967278,105
4294967278,104
4294967278,103
4294967278,102
4294967278,101
4294967278,100
4294967278,99
4294967278,98
4294967278,97
4294967278,96
4294967278,239
4294967278,219
4294967294,947
4294967294,437
4294967294,46
4294967294,428
62,4
62,3
62,2
62,1
61,8
61,7
61,6
61,5
61,4
4294967278,182
61,3
61,2
61,1
4294967294,67
4294967294,2
4294967294,0
4294967294,94
4294967294,93
4294967294,96
4294967294,95
4294967279,178
60,5
60,4
60,3
60,2
60,1
4294967294,9
4294967294,8
0,7
4294967294,1
4294967294,45
4294967294,1088
4294967294,52
4294967294,955
4294967294,942
4294967294,29
4294967294,28
4294967294,945
4294967294,26
4294967294,91
4294967294,87
4294967294,84
4294967294,42
4294967278,177
4294967279,173
4294967278,172
4294967278,300
4294967278,293
4294967279,162
4294967278,163
4294967279,158
4294967279,352
4294967278,92
4294967278,299
4294967278,292
4294967278,91
4294967278,90
4294967278,291
4294967279,270
4294967278,89
4294967278,87
4294967278,86
4294967278,82
